3,1
3,3
10,116
10,100
10,280
10,186
10,140
10,169
10,111
10,242
9,7
8,7
8,8
8,5
8,15
56,3
56,2
56,1
56,0
20,3
20,2
20,1
19,3
19,2
19,1
12,3
12,2
12,1
11,30
11,29
11,28
11,27
11,26
11,25
11,24
11,23
11,22
11,21
11,20
11,19
11,18
11,17
11,16
11,15
11,14
11,13
11,12
11,11
11,10
11,9
11,8
11,7
11,6
11,5
11,4
11,3
11,2
11,1
10,316
10,315
10,314
10,313
10,312
10,311
10,310
10,309
10,308
10,307
10,306
10,256
10,170
18,1
10,161
18,3
10,157
10,141
10,131
10,98
10,93
10,85
10,29
14,1
10,19
14,3
10,17
10,3
13,1
10,2
